115

feature2x1_1  2
0.00 0.00 0.50 1.00   1
0.50 0.00 1.00 1.00  -1

feature2x1_2  2
0.00 0.00 1.00 0.50   1
0.00 0.50 1.00 1.00  -1

feature2x2_1  4
0.00 0.00 0.50 0.50   1
0.50 0.00 1.00 0.50  -1
0.00 0.50 0.50 1.00  -1
0.50 0.50 1.00 1.00   1

feature3x1_1  3
0.00 0.00 0.33 1.00   1
0.33 0.00 0.66 1.00  -1
0.66 0.00 1.00 1.00   1

feature3x1_2  2
0.00 0.00 0.66 1.00  -1
0.66 0.00 1.00 1.00   1

feature3x1_3  2
0.00 0.00 0.33 1.00   1
0.33 0.00 1.00 1.00  -1

feature3x1_4  3
0.00 0.00 1.00 0.33   1
0.00 0.33 1.00 0.66  -1
0.00 0.66 1.00 1.00   1

feature3x1_5  2
0.00 0.00 1.00 0.66  -1
0.00 0.66 1.00 1.00   1

feature3x1_6  2
0.00 0.00 1.00 0.33   1
0.00 0.33 1.00 1.00  -1

feature3x2_1  6
0.00 0.00 0.33 0.50   1
0.33 0.00 0.66 0.50  -1
0.66 0.00 1.00 0.50   1
0.00 0.50 0.33 1.00  -1
0.33 0.50 0.66 1.00   1
0.66 0.50 1.00 1.00  -1

feature3x2_2  4
0.00 0.00 0.66 0.50  -1
0.66 0.00 1.00 0.50   1
0.00 0.50 0.66 1.00   1
0.66 0.50 1.00 1.00  -1

feature3x2_3  4
0.00 0.00 0.33 0.50   1
0.33 0.00 1.00 0.50  -1
0.00 0.50 0.33 1.00  -1
0.33 0.50 1.00 1.00   1 

feature3x2_4  6
0.00 0.00 0.50 0.33  -1
0.50 0.00 1.00 0.33   1
0.00 0.33 0.50 0.66   1
0.50 0.33 1.00 0.66  -1
0.00 0.66 0.50 1.00  -1
0.50 0.66 1.00 1.00   1

feature3x2_5  4
0.00 0.00 0.50 0.66   1
0.50 0.00 1.00 0.66  -1
0.00 0.66 0.50 1.00  -1
0.50 0.66 1.00 1.00   1

feature3x2_6  4
0.00 0.00 0.50 0.33  -1
0.50 0.00 1.00 0.33   1
0.00 0.33 0.50 1.00   1
0.50 0.33 1.00 1.00  -1

feature3x3_1  9
0.00 0.00 0.33 0.33   1
0.33 0.00 0.66 0.33  -1
0.66 0.00 1.00 0.33   1
0.00 0.33 0.33 0.66  -1
0.33 0.33 0.66 0.66   1
0.66 0.33 1.00 0.66  -1
0.00 0.66 0.33 1.00   1
0.33 0.66 0.66 1.00  -1
0.66 0.66 1.00 1.00   1

feature3x3_2  6
0.00 0.00 0.33 0.66   1
0.33 0.00 0.66 0.66  -1
0.66 0.00 1.00 0.66   1 
0.00 0.66 0.33 1.00  -1
0.33 0.66 0.66 1.00   1
0.66 0.66 1.00 1.00  -1

feature3x3_3  6
0.00 0.00 0.33 0.33  -1
0.33 0.00 0.66 0.33   1
0.66 0.00 1.00 0.33  -1
0.00 0.33 0.33 1.00   1
0.33 0.33 0.66 1.00  -1
0.66 0.33 1.00 1.00   1

feature3x3_4  6
0.00 0.00 0.33 0.33  -1
0.33 0.00 1.00 0.33   1
0.00 0.33 0.33 0.66   1
0.33 0.33 1.00 0.66  -1
0.00 0.66 0.33 1.00  -1
0.33 0.66 1.00 1.00   1

feature3x3_5  6
0.00 0.00 0.66 0.33   1
0.66 0.00 1.00 0.33  -1
0.00 0.33 0.66 0.66  -1
0.66 0.33 1.00 0.66   1
0.00 0.66 0.66 1.00   1
0.66 0.66 1.00 1.00  -1

feature3x3_6  5
0.00 0.00 1.00 0.33   1
0.00 0.33 0.33 0.66   1
0.33 0.33 0.66 0.66  -1
0.66 0.33 1.00 0.66   1
0.00 0.66 1.00 1.00   1

feature4x1_1  4
0.00 0.00 0.25 1.00   1
0.25 0.00 0.50 1.00  -1
0.50 0.00 0.75 1.00   1
0.75 0.00 1.00 1.00  -1

feature4x1_2  3
0.00 0.00 0.25 1.00   1
0.25 0.00 0.75 1.00  -1
0.75 0.00 1.00 1.00   1

feature4x1_3  4
0.00 0.00 1.00 0.25   1
0.00 0.25 1.00 0.50  -1
0.00 0.50 1.00 0.75   1
0.00 0.75 1.00 1.00  -1

feature4x1_4   3
0.00 0.00 1.00 0.25   1
0.00 0.25 1.00 0.75  -1
0.00 0.75 1.00 1.00   1

feature4x2_1   8
0.00 0.00 0.25 0.50   1
0.25 0.00 0.50 0.50  -1
0.50 0.00 0.75 0.50   1
0.75 0.00 1.00 0.50  -1
0.00 0.50 0.25 1.00  -1
0.25 0.50 0.50 1.00   1
0.50 0.50 0.75 1.00  -1
0.75 0.50 1.00 1.00   1

feature4x2_2   6
0.00 0.00 0.25 0.50   1
0.25 0.00 0.75 0.50  -1
0.75 0.00 1.00 0.50   1
0.00 0.50 0.25 1.00  -1
0.25 0.50 0.75 1.00   1
0.75 0.50 1.00 1.00  -1

feature4x2_3   4
0.00 0.00 0.75 0.50  -1
0.75 0.00 1.00 0.50   1
0.00 0.50 0.75 1.00   1
0.75 0.50 1.00 1.00  -1

feature4x2_4   4
0.00 0.00 0.25 0.50   1
0.25 0.00 1.00 0.50  -1
0.00 0.50 0.25 1.00  -1
0.25 0.50 1.00 1.00   1

feature4x2_5   8
0.00 0.00 0.50 0.25  -1
0.50 0.00 1.00 0.25   1
0.00 0.25 0.50 0.50   1
0.50 0.25 1.00 0.50  -1
0.00 0.50 0.50 0.75  -1
0.50 0.50 1.00 0.75   1
0.00 0.75 0.50 1.00   1
0.50 0.75 1.00 1.00  -1

feature4x2_6   6
0.00 0.00 0.50 0.25  -1
0.50 0.00 1.00 0.25   1
0.00 0.25 0.50 0.75   1
0.50 0.25 1.00 0.75  -1
0.00 0.75 0.50 1.00  -1
0.50 0.75 1.00 1.00   1

feature4x2_7   4
0.00 0.00 0.50 0.75   1
0.50 0.00 1.00 0.75  -1
0.00 0.75 0.50 1.00  -1
0.50 0.75 1.00 1.00   1

feature4x2_8   4
0.00 0.00 0.50 0.25  -1
0.50 0.00 1.00 0.25   1
0.00 0.25 0.50 1.00   1
0.50 0.25 1.00 1.00  -1

feature4x3_1   12
0.00 0.00 0.25 0.33  -1
0.25 0.00 0.50 0.33   1
0.50 0.00 0.75 0.33  -1
0.75 0.00 1.00 0.33   1
0.00 0.33 0.25 0.66   1
0.25 0.33 0.50 0.66  -1
0.50 0.33 0.75 0.66   1
0.75 0.33 1.00 0.66  -1
0.00 0.66 0.25 1.00  -1
0.25 0.66 0.50 1.00   1
0.50 0.66 0.75 1.00  -1
0.75 0.66 1.00 1.00   1

feature4x3_2   9
0.00 0.00 0.25 0.33  -1
0.25 0.00 0.75 0.33   1
0.75 0.00 1.00 0.33  -1
0.00 0.33 0.25 0.66   1
0.25 0.33 0.75 0.66  -1
0.75 0.33 1.00 0.66   1
0.00 0.66 0.25 1.00  -1
0.25 0.66 0.75 1.00   1
0.75 0.66 1.00 1.00  -1

feature4x3_3   5
0.00 0.00 0.75 0.33   1
0.75 0.00 1.00 0.33  -1
0.00 0.33 1.00 0.66  -1
0.00 0.66 0.25 1.00  -1
0.25 0.66 1.00 1.00   1

feature4x3_4   5
0.00 0.00 0.25 0.33  -1
0.25 0.00 1.00 0.33   1
0.00 0.33 1.00 0.66  -1
0.00 0.66 0.75 1.00   1
0.75 0.66 1.00 1.00  -1

feature4x3_5   6
0.00 0.00 0.25 0.66   1
0.25 0.00 0.75 0.66  -1
0.75 0.00 1.00 0.66   1
0.00 0.66 0.25 1.00  -1
0.25 0.66 0.75 1.00   1
0.75 0.66 1.00 1.00  -1

feature4x3_6   6
0.00 0.00 0.25 0.33  -1
0.25 0.00 0.75 0.33   1
0.75 0.00 1.00 0.33  -1
0.00 0.33 0.25 1.00   1
0.25 0.33 0.75 1.00  -1
0.75 0.33 1.00 1.00   1

feature4x3_7   9
0.00 0.00 0.25 0.33   1
0.25 0.00 0.50 0.33  -1
0.50 0.00 1.00 0.33   1
0.00 0.33 0.25 0.66  -1
0.25 0.33 0.50 0.66   1
0.50 0.33 1.00 0.66  -1
0.00 0.66 0.25 1.00   1
0.25 0.66 0.50 1.00  -1
0.50 0.66 1.00 1.00   1

feature4x3_8   9
0.00 0.00 0.50 0.33   1
0.50 0.00 0.75 0.33  -1
0.75 0.00 1.00 0.33   1
0.00 0.33 0.50 0.66  -1
0.50 0.33 0.75 0.66   1
0.75 0.33 1.00 0.66  -1
0.00 0.66 0.50 1.00   1
0.50 0.66 0.75 1.00  -1
0.75 0.66 1.00 1.00   1

feature4x3_9   12
0.00 0.00 0.33 0.25  -1
0.33 0.00 0.66 0.25   1
0.66 0.00 1.00 0.25  -1
0.00 0.25 0.33 0.50   1
0.33 0.25 0.66 0.50  -1
0.66 0.25 1.00 0.50   1
0.00 0.50 0.33 0.75  -1
0.33 0.50 0.66 0.75   1
0.66 0.50 1.00 0.75  -1
0.00 0.75 0.33 1.00   1
0.33 0.75 0.66 1.00  -1
0.66 0.75 1.00 1.00   1

feature4x3_10  9
0.00 0.00 0.33 0.25  -1
0.33 0.00 0.66 0.25   1
0.66 0.00 1.00 0.25  -1
0.00 0.25 0.33 0.75   1
0.33 0.25 0.66 0.75  -1
0.66 0.25 1.00 0.75   1
0.00 0.75 0.33 1.00  -1
0.33 0.75 0.66 1.00   1
0.66 0.75 1.00 1.00  -1

feature4x3_11  5
0.00 0.00 0.33 0.75   1
0.00 0.75 0.33 1.00  -1
0.33 0.00 0.66 1.00  -1
0.66 0.00 1.00 0.25  -1
0.66 0.25 1.00 1.00   1

feature4x3_12  5
0.00 0.00 0.33 0.25  -1
0.00 0.25 0.33 1.00   1
0.33 0.00 0.66 1.00  -1
0.66 0.00 1.00 0.75   1
0.66 0.75 1.00 1.00  -1

feature4x3_13  6
0.00 0.00 0.33 0.25  -1
0.33 0.00 1.00 0.25   1
0.00 0.25 0.33 0.75   1
0.33 0.25 1.00 0.75  -1
0.00 0.75 0.33 1.00  -1
0.33 0.75 1.00 1.00   1

feature4x3_14  6
0.00 0.00 0.66 0.25   1
0.66 0.00 1.00 0.25  -1
0.00 0.25 0.66 0.75  -1
0.66 0.25 1.00 0.75   1
0.00 0.75 0.66 1.00   1
0.66 0.75 1.00 1.00  -1

feature4x3_15  9
0.00 0.00 0.33 0.25   1
0.33 0.00 0.66 0.25  -1
0.66 0.00 1.00 0.25   1
0.00 0.25 0.33 0.50  -1
0.33 0.25 0.66 0.50   1
0.66 0.25 1.00 0.50  -1
0.00 0.50 0.33 1.00   1
0.33 0.50 0.66 1.00  -1
0.66 0.50 1.00 1.00   1

feature4x3_16  9
0.00 0.00 0.33 0.50   1
0.33 0.00 0.66 0.50  -1
0.66 0.00 1.00 0.50   1
0.00 0.50 0.33 0.75  -1
0.33 0.50 0.66 0.75   1
0.66 0.50 1.00 0.75  -1
0.00 0.75 0.33 1.00   1
0.33 0.75 0.66 1.00  -1
0.66 0.75 1.00 1.00   1

feature4x4_1   16
0.00 0.00 0.25 0.25   1
0.25 0.00 0.50 0.25  -1
0.50 0.00 0.75 0.25   1
0.75 0.00 1.00 0.25  -1
0.00 0.25 0.25 0.50  -1
0.25 0.25 0.50 0.50   1
0.50 0.25 0.75 0.50  -1
0.75 0.25 1.00 0.50   1
0.00 0.50 0.25 0.75   1
0.25 0.50 0.50 0.75  -1
0.50 0.50 0.75 0.75   1
0.75 0.50 1.00 0.75  -1
0.00 0.75 0.25 1.00  -1
0.25 0.75 0.50 1.00   1
0.50 0.75 0.75 1.00  -1
0.75 0.75 1.00 1.00   1

feature4x4_2   9
0.00 0.00 0.25 0.25  -1
0.25 0.00 0.75 0.25   1
0.75 0.00 1.00 0.25  -1
0.00 0.25 0.25 0.75   1
0.25 0.25 0.75 0.75  -1
0.75 0.25 1.00 0.75   1
0.00 0.75 0.25 1.00  -1
0.25 0.75 0.75 1.00   1
0.75 0.75 1.00 1.00  -1

feature4x4_3   6
0.00 0.00 0.25 0.25  -1
0.25 0.00 1.00 0.25   1
0.00 0.25 0.25 0.75   1
0.25 0.25 1.00 0.75  -1
0.00 0.75 0.25 1.00  -1
0.25 0.75 1.00 1.00   1

feature4x4_4   6
0.00 0.00 0.75 0.25   1
0.75 0.00 1.00 0.25  -1
0.00 0.25 0.75 0.75  -1
0.75 0.25 1.00 0.75   1
0.00 0.75 0.75 1.00   1
0.75 0.75 1.00 1.00  -1

feature4x4_5   9
0.00 0.00 0.25 0.25   1
0.25 0.00 0.50 0.25  -1
0.50 0.00 1.00 0.25   1
0.00 0.25 0.25 0.75  -1
0.25 0.25 0.50 0.75   1
0.50 0.25 1.00 0.75  -1
0.00 0.75 0.25 1.00   1
0.25 0.75 0.50 1.00  -1
0.50 0.75 1.00 1.00   1

feature4x4_6   9
0.00 0.00 0.50 0.25   1
0.50 0.00 0.75 0.25  -1
0.75 0.00 1.00 0.25   1
0.00 0.25 0.50 0.75  -1
0.50 0.25 0.75 0.75   1
0.75 0.25 1.00 0.75  -1
0.00 0.75 0.50 1.00   1
0.50 0.75 0.75 1.00  -1
0.75 0.75 1.00 1.00   1

feature4x4_7   12
0.00 0.00 0.25 0.25   1
0.25 0.00 0.75 0.25  -1
0.75 0.00 1.00 0.25   1
0.00 0.25 0.25 0.50  -1
0.25 0.25 0.75 0.50   1
0.75 0.25 1.00 0.50  -1
0.00 0.50 0.25 0.75   1
0.25 0.50 0.75 0.75  -1
0.75 0.50 1.00 0.75   1
0.00 0.75 0.25 1.00  -1
0.25 0.75 0.75 1.00   1
0.75 0.75 1.00 1.00  -1

feature4x4_8   6
0.00 0.00 0.25 0.25  -1
0.25 0.00 0.75 0.25   1
0.75 0.00 1.00 0.25  -1
0.00 0.25 0.25 1.00   1
0.25 0.25 0.75 1.00  -1
0.75 0.25 1.00 1.00   1

feature4x4_9   6
0.00 0.00 0.25 0.75   1
0.25 0.00 0.75 0.75  -1
0.75 0.00 1.00 0.75   1
0.00 0.75 0.25 1.00  -1
0.25 0.75 0.75 1.00   1
0.75 0.75 1.00 1.00  -1

feature4x4_10  9
0.00 0.00 0.25 0.25   1
0.25 0.00 0.75 0.25  -1
0.75 0.00 1.00 0.25   1
0.00 0.25 0.25 0.50  -1
0.25 0.25 0.75 0.50   1
0.75 0.25 1.00 0.50  -1
0.00 0.50 0.25 1.00   1
0.25 0.50 0.75 1.00  -1
0.75 0.50 1.00 1.00   1

feature4x4_11  9
0.00 0.00 0.25 0.50   1
0.25 0.00 0.75 0.50  -1
0.75 0.00 1.00 0.50   1
0.00 0.50 0.25 0.75  -1
0.25 0.50 0.75 0.75   1
0.75 0.50 1.00 0.75  -1
0.00 0.75 0.25 1.00   1
0.25 0.75 0.75 1.00  -1
0.75 0.75 1.00 1.00   1

feature4x4_12  12
0.00 0.00 0.25 0.25  -1
0.25 0.00 0.50 0.25   1
0.50 0.00 0.75 0.25  -1
0.75 0.00 1.00 0.25   1
0.00 0.25 0.25 0.75   1
0.25 0.25 0.50 0.75  -1
0.50 0.25 0.75 0.75   1
0.75 0.25 1.00 0.75  -1
0.00 0.75 0.25 1.00  -1
0.25 0.75 0.50 1.00   1
0.50 0.75 0.75 1.00  -1
0.75 0.75 1.00 1.00   1

feature5x1_1   5
0.00 0.00 0.20 1.00   1
0.20 0.00 0.40 1.00  -1
0.40 0.00 0.60 1.00   1
0.60 0.00 0.80 1.00  -1
0.80 0.00 1.00 1.00   1

feature5x1_2   3
0.00 0.00 0.20 1.00   1
0.20 0.00 0.60 1.00  -1
0.60 0.00 1.00 1.00   1

feature5x1_3   3
0.00 0.00 0.40 1.00   1
0.40 0.00 0.80 1.00  -1
0.80 0.00 1.00 1.00   1

feature5x1_4   4
0.00 0.00 0.20 1.00   1
0.20 0.00 0.40 1.00  -1
0.40 0.00 0.80 1.00   1
0.80 0.00 1.00 1.00  -1

feature5x1_5   4
0.00 0.00 0.20 1.00  -1
0.20 0.00 0.60 1.00   1
0.60 0.00 0.80 1.00  -1
0.80 0.00 1.00 1.00   1

feature5x1_6   3
0.00 0.00 0.20 1.00  -1
0.20 0.00 0.80 1.00   1
0.80 0.00 1.00 1.00  -1

feature5x1_7   5
0.00 0.00 1.00 0.20   1
0.00 0.20 1.00 0.40  -1
0.00 0.40 1.00 0.60   1
0.00 0.60 1.00 0.80  -1
0.00 0.80 1.00 1.00   1

feature5x1_8   3
0.00 0.00 1.00 0.20   1
0.00 0.20 1.00 0.60  -1
0.00 0.60 1.00 1.00   1

feature5x1_9   3
0.00 0.00 1.00 0.40   1
0.00 0.40 1.00 0.80  -1
0.00 0.80 1.00 1.00   1

feature5x1_10  4
0.00 0.00 1.00 0.20   1
0.00 0.20 1.00 0.40  -1
0.00 0.40 1.00 0.80   1
0.00 0.80 1.00 1.00  -1

feature5x1_11  4
0.00 0.00 1.00 0.20  -1
0.00 0.20 1.00 0.60   1
0.00 0.60 1.00 0.80  -1
0.00 0.80 1.00 1.00   1

feature5x1_12  3
0.00 0.00 1.00 0.20  -1
0.00 0.20 1.00 0.80   1
0.00 0.80 1.00 1.00  -1

feature5x2_1   10
0.00 0.00 0.20 0.50   1
0.20 0.00 0.40 0.50  -1
0.40 0.00 0.60 0.50   1
0.60 0.00 0.80 0.50  -1
0.80 0.00 1.00 0.50   1
0.00 0.50 0.20 1.00  -1
0.20 0.50 0.40 1.00   1
0.40 0.50 0.60 1.00  -1
0.60 0.50 0.80 1.00   1
0.80 0.50 1.00 1.00  -1

feature5x2_2   6
0.00 0.00 0.20 0.50   1
0.20 0.00 0.60 0.50  -1
0.60 0.00 1.00 0.50   1
0.00 0.50 0.20 1.00  -1
0.20 0.50 0.60 1.00   1
0.60 0.50 1.00 1.00  -1

feature5x2_3   6
0.00 0.00 0.40 0.50   1
0.40 0.00 0.80 0.50  -1
0.80 0.00 1.00 0.50   1
0.00 0.50 0.40 1.00  -1
0.40 0.50 0.80 1.00   1
0.80 0.50 1.00 1.00  -1

feature5x2_4   6
0.00 0.00 0.40 0.50   1
0.40 0.00 0.60 0.50  -1
0.60 0.00 1.00 0.50   1
0.00 0.50 0.40 1.00  -1
0.40 0.50 0.60 1.00   1
0.60 0.50 1.00 1.00  -1

feature5x2_5   10
0.00 0.00 0.50 0.20  -1
0.50 0.00 1.00 0.20   1
0.00 0.20 0.50 0.40   1
0.50 0.20 1.00 0.40  -1
0.00 0.40 0.50 0.60  -1
0.50 0.40 1.00 0.60   1
0.00 0.60 0.50 0.80   1
0.50 0.60 1.00 0.80  -1
0.00 0.80 0.50 1.00  -1
0.50 0.80 1.00 1.00   1

feature5x2_6   6
0.00 0.00 0.50 0.20  -1
0.50 0.00 1.00 0.20   1
0.00 0.20 0.50 0.60   1
0.50 0.20 1.00 0.60  -1
0.00 0.60 0.50 1.00  -1
0.50 0.60 1.00 1.00   1

feature5x2_7   6
0.00 0.00 0.50 0.40  -1
0.50 0.00 1.00 0.40   1
0.00 0.40 0.50 0.80   1
0.50 0.40 1.00 0.80  -1
0.00 0.80 0.50 1.00  -1
0.50 0.80 1.00 1.00   1

feature5x2_8   6
0.00 0.00 0.50 0.40  -1
0.50 0.00 1.00 0.40   1
0.00 0.40 0.50 0.60   1
0.50 0.40 1.00 0.60  -1
0.00 0.60 0.50 1.00  -1
0.50 0.60 1.00 1.00   1

feature5x3_1   15
0.00 0.00 0.20 0.33  -1
0.20 0.00 0.40 0.33   1
0.40 0.00 0.60 0.33  -1
0.60 0.00 0.80 0.33   1
0.80 0.00 1.00 0.33  -1
0.00 0.33 0.20 0.66   1
0.20 0.33 0.40 0.66  -1
0.40 0.33 0.60 0.66   1
0.60 0.33 0.80 0.66  -1
0.80 0.33 1.00 0.66   1
0.00 0.66 0.20 1.00  -1
0.20 0.66 0.40 1.00   1
0.40 0.66 0.60 1.00  -1
0.60 0.66 0.80 1.00   1
0.80 0.66 1.00 1.00  -1

feature5x3_2   9
0.00 0.00 0.20 0.33  -1
0.20 0.00 0.80 0.33   1
0.80 0.00 1.00 0.33  -1
0.00 0.33 0.20 0.66   1
0.20 0.33 0.80 0.66  -1
0.80 0.33 1.00 0.66   1
0.00 0.66 0.20 1.00  -1
0.20 0.66 0.80 1.00   1
0.80 0.66 1.00 1.00  -1

feature5x3_3   6
0.00 0.00 0.20 0.66   1
0.20 0.00 0.80 0.66  -1
0.80 0.00 1.00 0.66   1
0.00 0.66 0.20 1.00  -1
0.20 0.66 0.80 1.00   1
0.80 0.66 1.00 1.00  -1

feature5x3_4   6
0.00 0.00 0.20 0.33  -1
0.20 0.00 0.80 0.33   1
0.80 0.00 1.00 0.33  -1
0.00 0.33 0.20 1.00   1
0.20 0.33 0.80 1.00  -1
0.80 0.33 1.00 1.00   1

feature5x3_5   9
0.00 0.00 0.40 0.33   1
0.40 0.00 0.60 0.33  -1
0.60 0.00 1.00 0.33   1
0.00 0.33 0.40 0.66  -1
0.40 0.33 0.60 0.66   1
0.60 0.33 1.00 0.66  -1
0.00 0.66 0.40 1.00   1
0.40 0.66 0.60 1.00  -1
0.60 0.66 1.00 1.00   1

feature5x3_6   9
0.00 0.00 0.20 0.33   1
0.20 0.00 0.40 0.33  -1
0.40 0.00 1.00 0.33   1
0.00 0.33 0.20 0.66  -1
0.20 0.33 0.40 0.66   1
0.40 0.33 1.00 0.66  -1
0.00 0.66 0.20 1.00   1
0.20 0.66 0.40 1.00  -1
0.40 0.66 1.00 1.00   1

feature5x3_7   9
0.00 0.00 0.60 0.33   1
0.60 0.00 0.80 0.33  -1
0.80 0.00 1.00 0.33   1
0.00 0.33 0.60 0.66  -1
0.60 0.33 0.80 0.66   1
0.80 0.33 1.00 0.66  -1
0.00 0.66 0.60 1.00   1
0.60 0.66 0.80 1.00  -1
0.80 0.66 1.00 1.00   1

feature5x3_8   6
0.00 0.00 0.40 0.33  -1
0.40 0.00 0.60 0.33   1
0.60 0.00 1.00 0.33  -1
0.00 0.33 0.40 1.00   1
0.40 0.33 0.60 1.00  -1
0.60 0.33 1.00 1.00   1

feature5x3_9   6
0.00 0.00 0.40 0.66   1
0.40 0.00 0.60 0.66  -1
0.60 0.00 1.00 0.66   1
0.00 0.66 0.40 1.00  -1
0.40 0.66 0.60 1.00   1
0.60 0.66 1.00 1.00  -1

feature5x3_10  15
0.00 0.00 0.33 0.20  -1
0.33 0.00 0.66 0.20   1
0.66 0.00 1.00 0.20  -1
0.00 0.20 0.33 0.40   1
0.33 0.20 0.66 0.40  -1
0.66 0.20 1.00 0.40   1
0.00 0.40 0.33 0.60  -1
0.33 0.40 0.66 0.60   1
0.66 0.40 1.00 0.60  -1
0.00 0.60 0.33 0.80   1
0.33 0.60 0.66 0.80  -1
0.66 0.60 1.00 0.80   1
0.00 0.80 0.33 1.00  -1
0.33 0.80 0.66 1.00   1
0.66 0.80 1.00 1.00  -1

feature5x3_11  9
0.00 0.00 0.33 0.20  -1
0.33 0.00 0.66 0.20   1
0.66 0.00 1.00 0.20  -1
0.00 0.20 0.33 0.80   1
0.33 0.20 0.66 0.80  -1
0.66 0.20 1.00 0.80   1
0.00 0.80 0.33 1.00  -1
0.33 0.80 0.66 1.00   1
0.66 0.80 1.00 1.00  -1

feature5x3_12  6
0.00 0.00 0.33 0.20  -1
0.33 0.00 1.00 0.20   1
0.00 0.20 0.33 0.80   1
0.33 0.20 1.00 0.80  -1
0.00 0.80 0.33 1.00  -1
0.33 0.80 1.00 1.00   1

feature5x3_13  6
0.00 0.00 0.66 0.20   1
0.66 0.00 1.00 0.20  -1
0.00 0.20 0.66 0.80  -1
0.66 0.20 1.00 0.80   1
0.00 0.80 0.66 1.00   1
0.66 0.80 1.00 1.00  -1

feature5x3_14  9
0.00 0.00 0.33 0.40   1
0.33 0.00 0.66 0.40  -1
0.66 0.00 1.00 0.40   1 
0.00 0.40 0.33 0.60  -1
0.33 0.40 0.66 0.60   1
0.66 0.40 1.00 0.60  -1 
0.00 0.60 0.33 1.00   1
0.33 0.60 0.66 1.00  -1
0.66 0.60 1.00 1.00   1 

feature5x3_15  9
0.00 0.00 0.33 0.20   1
0.33 0.00 0.66 0.20  -1
0.66 0.00 1.00 0.20   1 
0.00 0.20 0.33 0.40  -1
0.33 0.20 0.66 0.40   1
0.66 0.20 1.00 0.40  -1 
0.00 0.40 0.33 1.00   1
0.33 0.40 0.66 1.00  -1
0.66 0.40 1.00 1.00   1 

feature5x3_16  9
0.00 0.00 0.33 0.60   1
0.33 0.00 0.66 0.60  -1
0.66 0.00 1.00 0.60   1 
0.00 0.60 0.33 0.80  -1
0.33 0.60 0.66 0.80   1
0.66 0.60 1.00 0.80  -1 
0.00 0.80 0.33 1.00   1
0.33 0.80 0.66 1.00  -1
0.66 0.80 1.00 1.00   1 

feature5x3_17  6
0.00 0.00 0.66 0.40   1
0.66 0.00 1.00 0.40  -1
0.00 0.40 0.66 0.60  -1
0.66 0.40 1.00 0.60   1
0.00 0.60 0.66 1.00   1
0.66 0.60 1.00 1.00  -1

feature5x3_18  6
0.00 0.00 0.33 0.40  -1
0.33 0.00 1.00 0.40   1
0.00 0.40 0.33 0.60   1
0.33 0.40 1.00 0.60  -1
0.00 0.60 0.33 1.00  -1
0.33 0.60 1.00 1.00   1

feature5x4_1   20
0.00 0.00 0.20 0.25   1
0.20 0.00 0.40 0.25  -1
0.40 0.00 0.60 0.25   1
0.60 0.00 0.80 0.25  -1
0.80 0.00 1.00 0.25   1
0.00 0.25 0.20 0.50  -1
0.20 0.25 0.40 0.50   1
0.40 0.25 0.60 0.50  -1
0.60 0.25 0.80 0.50   1
0.80 0.25 1.00 0.50  -1
0.00 0.50 0.20 0.75   1
0.20 0.50 0.40 0.75  -1
0.40 0.50 0.60 0.75   1
0.60 0.50 0.80 0.75  -1
0.80 0.50 1.00 0.75   1
0.00 0.75 0.20 1.00  -1
0.20 0.75 0.40 1.00   1
0.40 0.75 0.60 1.00  -1
0.60 0.75 0.80 1.00   1
0.80 0.75 1.00 1.00  -1

feature5x4_2   9
0.00 0.00 0.20 0.25  -1
0.20 0.00 0.80 0.25   1
0.80 0.00 1.00 0.25  -1
0.00 0.25 0.20 0.75   1
0.20 0.25 0.80 0.75  -1
0.80 0.25 1.00 0.75   1
0.00 0.75 0.20 1.00  -1
0.20 0.75 0.80 1.00   1
0.80 0.75 1.00 1.00  -1

feature5x4_3   15
0.00 0.00 0.20 0.25  -1
0.20 0.00 0.40 0.25   1
0.40 0.00 0.60 0.25  -1
0.60 0.00 0.80 0.25   1
0.80 0.00 1.00 0.25  -1
0.00 0.25 0.20 0.75   1
0.20 0.25 0.40 0.75  -1
0.40 0.25 0.60 0.75   1
0.60 0.25 0.80 0.75  -1
0.80 0.25 1.00 0.75   1
0.00 0.75 0.20 1.00  -1
0.20 0.75 0.40 1.00   1
0.40 0.75 0.60 1.00  -1
0.60 0.75 0.80 1.00   1
0.80 0.75 1.00 1.00  -1

feature5x4_4   7
0.00 0.00 0.40 0.25   1
0.40 0.00 0.60 0.25  -1
0.60 0.00 1.00 0.25   1
0.00 0.25 1.00 0.50  -1
0.00 0.50 0.40 1.00   1
0.40 0.50 0.60 1.00  -1
0.60 0.50 1.00 1.00   1

feature5x4_5   9
0.00 0.00 0.40 0.25   1
0.40 0.00 0.60 0.25  -1
0.60 0.00 1.00 0.25   1
0.00 0.25 0.40 0.75  -1
0.40 0.25 0.60 0.75   1
0.60 0.25 1.00 0.75  -1
0.00 0.75 0.40 1.00   1
0.40 0.75 0.60 1.00  -1
0.60 0.75 1.00 1.00   1

feature5x4_6   7
0.00 0.00 0.40 0.25   1
0.40 0.00 0.60 0.25  -1
0.60 0.00 1.00 0.25   1
0.00 0.25 1.00 0.75  -1
0.00 0.75 0.40 1.00   1
0.40 0.75 0.60 1.00  -1
0.60 0.75 1.00 1.00   1

feature5x4_7   4
0.00 0.00 0.60 0.50  -1
0.60 0.00 1.00 0.50   1
0.00 0.50 0.40 1.00   1
0.40 0.50 1.00 1.00  -1

feature5x4_8   4
0.00 0.00 0.40 0.50   1
0.40 0.00 1.00 0.50  -1
0.00 0.50 0.60 1.00  -1
0.60 0.50 1.00 1.00   1

feature5x4_9   20
0.00 0.00 0.25 0.20  -1
0.25 0.00 0.50 0.20   1
0.50 0.00 0.75 0.20  -1
0.75 0.00 1.00 0.20   1
0.00 0.20 0.25 0.40   1
0.25 0.20 0.50 0.40  -1
0.50 0.20 0.75 0.40   1
0.75 0.20 1.00 0.40  -1
0.00 0.40 0.25 0.60  -1
0.25 0.40 0.50 0.60   1
0.50 0.40 0.75 0.60  -1
0.75 0.40 1.00 0.60   1
0.00 0.60 0.25 0.80   1
0.25 0.60 0.50 0.80  -1
0.50 0.60 0.75 0.80   1
0.75 0.60 1.00 0.80  -1
0.00 0.80 0.25 1.00  -1
0.25 0.80 0.50 1.00   1
0.50 0.80 0.75 1.00  -1
0.75 0.80 1.00 1.00   1

feature5x4_10  9
0.00 0.00 0.25 0.20  -1
0.25 0.00 0.75 0.20   1
0.75 0.00 1.00 0.20  -1
0.00 0.20 0.25 0.80   1
0.25 0.20 0.75 0.80  -1
0.75 0.20 1.00 0.80   1
0.00 0.80 0.25 1.00  -1
0.25 0.80 0.75 1.00   1
0.75 0.80 1.00 1.00  -1

feature5x4_11  15
0.00 0.00 0.25 0.20  -1
0.25 0.00 0.75 0.20   1
0.75 0.00 1.00 0.20  -1
0.00 0.20 0.25 0.40   1
0.25 0.20 0.75 0.40  -1
0.75 0.20 1.00 0.40   1
0.00 0.40 0.25 0.60  -1
0.25 0.40 0.75 0.60   1
0.75 0.40 1.00 0.60  -1
0.00 0.60 0.25 0.80   1
0.25 0.60 0.75 0.80  -1
0.75 0.60 1.00 0.80   1
0.00 0.80 0.25 1.00  -1
0.25 0.80 0.75 1.00   1
0.75 0.80 1.00 1.00  -1

feature5x4_12  7
0.00 0.00 0.50 0.40   1
0.50 0.00 0.75 0.40  -1
0.75 0.00 1.00 0.40   1
0.00 0.40 1.00 0.60  -1
0.00 0.60 0.50 1.00   1
0.50 0.60 0.75 1.00  -1
0.75 0.60 1.00 1.00   1

feature5x4_13  9
0.00 0.00 0.25 0.40   1
0.25 0.00 0.75 0.40  -1
0.75 0.00 1.00 0.40   1
0.00 0.40 0.25 0.60  -1
0.25 0.40 0.75 0.60   1
0.75 0.40 1.00 0.60  -1
0.00 0.60 0.25 1.00   1
0.25 0.60 0.75 1.00  -1
0.75 0.60 1.00 1.00   1

feature5x4_14  7
0.00 0.00 0.25 0.40   1
0.25 0.00 0.75 0.40  -1
0.75 0.00 1.00 0.40   1
0.00 0.40 1.00 0.60  -1
0.00 0.60 0.25 1.00   1
0.25 0.60 0.75 1.00  -1
0.75 0.60 1.00 1.00   1

feature5x4_15  4
0.00 0.00 0.50 0.40   1
0.50 0.00 1.00 0.60  -1
0.00 0.40 0.50 1.00  -1
0.50 0.60 1.00 1.00   1

feature5x4_16  4
0.00 0.00 0.50 0.60  -1
0.50 0.00 1.00 0.40   1
0.00 0.60 0.50 1.00   1
0.50 0.40 1.00 1.00  -1

